11628555
1988799
7967020
30465769
30093990
34776169
38152251
25220477
34776169
5940189
12795739
30465769
1988799
38152251
30246389
5819049
5819049
27209954
25528257
30465769
20974303
5940189
30465769
20974303
5940189
7967020
5940189
25880639
1988799
7967020
30465769
30093990
34776169
38152251
25220477
34776169
5940189
12795739
30465769
1988799
38152251
7057873
5819049
5819049
16226568
34776169
5940189
25528257
7967020
20974303
5940189
34007926
26290583
30980218
16226568
16226568
5940189
20974303
36561735
28112587
19101998
13122093
1988799
20974303
30246389
5819049
5819049
7967020
19101998
38840418
25172476
38152251
12795739
11584741
25528257
30465769
15867408
26841
1988799
28112587
30093990
13122093
25880639
31126895
1666344
20974303
34776169
29799221
9483426
21193902
25220477
36561735
26359440
5819049
30246389
17420981
2921031
24091067
30559193
7799910
19214553
3375217
10149435
36420855
5819049
5819049
18272138
13122093
21193902
38152251
38152251
7057873
5819049
